lh.aparc.foldind	lh_bankssts_foldind	lh_caudalanteriorcingulate_foldind	lh_caudalmiddlefrontal_foldind	lh_cuneus_foldind	lh_entorhinal_foldind	lh_fusiform_foldind	lh_inferiorparietal_foldind	lh_inferiortemporal_foldind	lh_isthmuscingulate_foldind	lh_lateraloccipital_foldind	lh_lateralorbitofrontal_foldind	lh_lingual_foldind	lh_medialorbitofrontal_foldind	lh_middletemporal_foldind	lh_parahippocampal_foldind	lh_paracentral_foldind	lh_parsopercularis_foldind	lh_parsorbitalis_foldind	lh_parstriangularis_foldind	lh_pericalcarine_foldind	lh_postcentral_foldind	lh_posteriorcingulate_foldind	lh_precentral_foldind	lh_precuneus_foldind	lh_rostralanteriorcingulate_foldind	lh_rostralmiddlefrontal_foldind	lh_superiorfrontal_foldind	lh_superiorparietal_foldind	lh_superiortemporal_foldind	lh_supramarginal_foldind	lh_frontalpole_foldind	lh_temporalpole_foldind	lh_transversetemporal_foldind	lh_insula_foldind	BrainSegVolNotVent	eTIV
sub-SAN_001	5.0	12.0	23.0	29.0	6.0	36.0	60.0	50.0	13.0	72.0	42.0	44.0	32.0	41.0	6.0	12.0	15.0	16.0	20.0	25.0	41.0	19.0	43.0	55.0	9.0	92.0	80.0	79.0	39.0	60.0	5.0	9.0	6.0	19.0	1096432.0	1584822.689354
sub-SAN_003	7.0	16.0	22.0	33.0	5.0	48.0	69.0	55.0	13.0	114.0	39.0	48.0	53.0	44.0	4.0	13.0	19.0	10.0	23.0	25.0	48.0	21.0	62.0	60.0	10.0	70.0	78.0	83.0	39.0	50.0	6.0	9.0	5.0	32.0	1088990.0	992870.183594
sub-SAN_004	9.0	26.0	26.0	27.0	4.0	45.0	66.0	56.0	27.0	103.0	31.0	53.0	28.0	53.0	5.0	8.0	14.0	10.0	17.0	27.0	76.0	21.0	53.0	48.0	16.0	79.0	69.0	75.0	49.0	58.0	6.0	10.0	7.0	24.0	1218335.0	1137338.68849
sub-SAN_005	9.0	9.0	24.0	25.0	4.0	42.0	64.0	52.0	13.0	69.0	31.0	38.0	44.0	50.0	7.0	12.0	15.0	12.0	15.0	15.0	46.0	19.0	47.0	46.0	10.0	86.0	68.0	76.0	44.0	62.0	8.0	9.0	6.0	46.0	997606.0	1394186.182988
sub-SAN_006	4.0	10.0	28.0	29.0	4.0	42.0	54.0	44.0	14.0	90.0	35.0	60.0	50.0	39.0	7.0	15.0	18.0	10.0	17.0	28.0	38.0	18.0	53.0	46.0	11.0	70.0	82.0	74.0	38.0	49.0	6.0	9.0	6.0	21.0	1074106.0	1001933.714542
sub-SAN_008	6.0	12.0	20.0	25.0	2.0	36.0	56.0	43.0	12.0	87.0	31.0	43.0	26.0	37.0	5.0	10.0	16.0	10.0	10.0	25.0	39.0	15.0	46.0	44.0	11.0	77.0	68.0	56.0	30.0	43.0	5.0	6.0	5.0	17.0	1034954.0	922829.551176
sub-SAN_009	7.0	9.0	21.0	26.0	3.0	50.0	50.0	43.0	19.0	89.0	39.0	51.0	37.0	49.0	9.0	14.0	16.0	12.0	14.0	36.0	41.0	23.0	40.0	65.0	6.0	71.0	80.0	94.0	47.0	52.0	4.0	10.0	9.0	21.0	957809.0	884022.354862
sub-SAN_015	9.0	4.0	22.0	24.0	4.0	38.0	46.0	33.0	15.0	76.0	26.0	41.0	31.0	39.0	5.0	9.0	16.0	11.0	16.0	27.0	40.0	11.0	51.0	50.0	7.0	70.0	79.0	58.0	31.0	45.0	6.0	6.0	8.0	24.0	974506.0	899587.403564
sub-SAN_021	7.0	11.0	20.0	22.0	4.0	48.0	61.0	51.0	19.0	82.0	35.0	41.0	40.0	38.0	8.0	10.0	28.0	12.0	23.0	21.0	39.0	17.0	43.0	53.0	15.0	84.0	91.0	85.0	34.0	44.0	5.0	8.0	5.0	16.0	1229370.0	1152110.127842
sub-SAN_022	12.0	8.0	23.0	19.0	4.0	47.0	67.0	58.0	15.0	75.0	43.0	41.0	39.0	44.0	6.0	11.0	20.0	11.0	15.0	13.0	49.0	18.0	41.0	62.0	17.0	93.0	96.0	79.0	38.0	60.0	6.0	7.0	4.0	22.0	1069245.0	1449552.821989
sub-SAN_023	5.0	9.0	22.0	32.0	5.0	38.0	68.0	52.0	15.0	74.0	34.0	57.0	32.0	44.0	8.0	13.0	19.0	9.0	20.0	32.0	37.0	21.0	48.0	47.0	13.0	66.0	78.0	71.0	34.0	45.0	7.0	8.0	7.0	37.0	1057188.0	974402.751316
sub-SAN_024	9.0	10.0	20.0	30.0	3.0	48.0	60.0	51.0	20.0	95.0	43.0	57.0	35.0	44.0	5.0	12.0	18.0	17.0	17.0	19.0	50.0	21.0	50.0	47.0	9.0	97.0	96.0	67.0	41.0	54.0	6.0	8.0	6.0	31.0	1112959.0	1297886.166557
sub-SAN_030	9.0	8.0	29.0	28.0	6.0	38.0	63.0	42.0	15.0	87.0	25.0	51.0	28.0	36.0	7.0	10.0	19.0	8.0	15.0	22.0	34.0	20.0	55.0	45.0	7.0	81.0	73.0	45.0	39.0	44.0	4.0	9.0	4.0	26.0	1085936.0	983547.686108
sub-SAN_032	5.0	14.0	19.0	27.0	4.0	55.0	75.0	55.0	16.0	85.0	41.0	42.0	53.0	43.0	5.0	13.0	25.0	15.0	22.0	28.0	64.0	19.0	60.0	64.0	19.0	98.0	105.0	99.0	56.0	49.0	9.0	11.0	7.0	45.0	1009734.0	1396155.803869
sub-SAN_034	4.0	10.0	24.0	20.0	4.0	43.0	59.0	50.0	14.0	65.0	33.0	46.0	32.0	50.0	7.0	9.0	19.0	11.0	11.0	18.0	45.0	20.0	51.0	45.0	16.0	69.0	76.0	77.0	33.0	51.0	5.0	11.0	6.0	20.0	991697.0	874283.698998
sub-SAN_036	7.0	10.0	18.0	22.0	3.0	40.0	54.0	47.0	13.0	74.0	31.0	43.0	32.0	44.0	4.0	10.0	18.0	12.0	17.0	19.0	45.0	13.0	41.0	39.0	9.0	68.0	79.0	61.0	32.0	44.0	6.0	9.0	6.0	20.0	976705.0	894966.740372
sub-SAN_038	10.0	12.0	24.0	23.0	5.0	45.0	63.0	40.0	18.0	89.0	34.0	40.0	42.0	40.0	5.0	12.0	23.0	12.0	20.0	16.0	38.0	18.0	48.0	47.0	15.0	101.0	91.0	61.0	37.0	47.0	7.0	7.0	5.0	25.0	1170336.0	1110896.210119
sub-SAN_040	5.0	11.0	18.0	31.0	2.0	44.0	50.0	45.0	16.0	84.0	41.0	41.0	38.0	42.0	9.0	12.0	16.0	13.0	21.0	29.0	41.0	22.0	41.0	46.0	14.0	76.0	79.0	69.0	36.0	45.0	7.0	7.0	5.0	31.0	1050661.0	939712.730654
sub-SAN_042	8.0	13.0	26.0	29.0	8.0	41.0	51.0	46.0	17.0	83.0	33.0	52.0	34.0	41.0	5.0	11.0	22.0	12.0	20.0	24.0	34.0	16.0	47.0	46.0	10.0	73.0	62.0	77.0	41.0	53.0	5.0	7.0	5.0	33.0	1039688.0	1025428.140357
sub-SAN_043	7.0	33.0	28.0	24.0	4.0	43.0	64.0	60.0	14.0	100.0	38.0	42.0	42.0	44.0	9.0	16.0	17.0	13.0	19.0	22.0	56.0	21.0	63.0	55.0	12.0	87.0	85.0	73.0	41.0	50.0	7.0	6.0	5.0	27.0	1235153.0	1192285.566108
sub-SAN_044	5.0	6.0	22.0	24.0	2.0	37.0	45.0	39.0	13.0	82.0	28.0	45.0	33.0	38.0	12.0	12.0	16.0	9.0	12.0	16.0	44.0	16.0	52.0	44.0	7.0	67.0	71.0	64.0	37.0	45.0	5.0	6.0	5.0	19.0	880914.0	797175.768185
sub-SAN_046	6.0	16.0	20.0	34.0	5.0	53.0	81.0	62.0	16.0	108.0	41.0	63.0	45.0	54.0	4.0	17.0	21.0	16.0	20.0	25.0	55.0	26.0	53.0	63.0	15.0	80.0	90.0	83.0	50.0	56.0	8.0	8.0	8.0	39.0	1256330.0	1121548.230544
sub-SAN_047	6.0	6.0	23.0	31.0	3.0	33.0	74.0	60.0	14.0	78.0	31.0	40.0	35.0	47.0	7.0	11.0	17.0	9.0	17.0	16.0	41.0	13.0	47.0	55.0	5.0	73.0	80.0	64.0	43.0	56.0	7.0	7.0	5.0	16.0	908792.0	860093.897055
sub-SAN_050	8.0	6.0	23.0	24.0	4.0	44.0	65.0	57.0	14.0	111.0	34.0	50.0	40.0	43.0	8.0	20.0	14.0	13.0	16.0	28.0	40.0	17.0	46.0	50.0	13.0	92.0	86.0	91.0	40.0	63.0	6.0	8.0	5.0	19.0	1147752.0	1098080.945136
sub-SAN_051	4.0	8.0	15.0	30.0	4.0	40.0	51.0	40.0	12.0	76.0	34.0	58.0	27.0	34.0	6.0	11.0	16.0	10.0	17.0	26.0	42.0	14.0	61.0	49.0	9.0	63.0	76.0	69.0	32.0	41.0	5.0	11.0	5.0	27.0	1053365.0	1012245.671151
sub-SAN_052	10.0	7.0	24.0	27.0	6.0	47.0	64.0	56.0	18.0	96.0	41.0	58.0	43.0	66.0	7.0	21.0	21.0	11.0	19.0	33.0	51.0	20.0	54.0	55.0	16.0	96.0	101.0	82.0	50.0	67.0	6.0	11.0	7.0	23.0	1259724.0	1243130.775214
sub-SAN_053	10.0	12.0	22.0	32.0	3.0	40.0	52.0	52.0	15.0	100.0	37.0	42.0	27.0	47.0	5.0	14.0	18.0	12.0	17.0	20.0	37.0	19.0	45.0	42.0	13.0	79.0	81.0	65.0	48.0	44.0	5.0	7.0	5.0	28.0	1075817.0	968871.047474
sub-SAN_055	9.0	8.0	22.0	30.0	4.0	46.0	67.0	47.0	21.0	90.0	43.0	55.0	25.0	42.0	4.0	13.0	21.0	9.0	15.0	28.0	47.0	19.0	54.0	58.0	20.0	94.0	82.0	66.0	39.0	76.0	6.0	7.0	6.0	24.0	1283700.0	1171485.705552
sub-SAN_058	9.0	14.0	27.0	30.0	3.0	45.0	67.0	51.0	16.0	81.0	39.0	53.0	31.0	58.0	5.0	14.0	17.0	12.0	24.0	25.0	42.0	22.0	68.0	48.0	17.0	91.0	84.0	77.0	50.0	63.0	5.0	7.0	5.0	34.0	1132154.0	1051634.102171
sub-SAN_059	7.0	11.0	20.0	28.0	4.0	38.0	72.0	51.0	15.0	72.0	34.0	33.0	28.0	40.0	6.0	15.0	16.0	14.0	16.0	18.0	56.0	12.0	42.0	57.0	9.0	76.0	88.0	73.0	35.0	50.0	5.0	7.0	5.0	38.0	1056902.0	1314873.407959
sub-SAN_060	13.0	14.0	18.0	31.0	4.0	37.0	59.0	42.0	16.0	85.0	41.0	50.0	37.0	40.0	5.0	21.0	23.0	9.0	17.0	22.0	45.0	19.0	43.0	39.0	19.0	81.0	74.0	60.0	37.0	46.0	5.0	9.0	9.0	31.0	990322.0	931765.486946
sub-SAN_061	7.0	12.0	18.0	32.0	4.0	39.0	53.0	43.0	15.0	101.0	36.0	52.0	31.0	42.0	5.0	15.0	16.0	16.0	20.0	20.0	49.0	28.0	48.0	62.0	13.0	72.0	84.0	70.0	37.0	51.0	6.0	8.0	8.0	24.0	1162167.0	1153366.166089
sub-SAN_065	18.0	13.0	19.0	31.0	3.0	39.0	95.0	47.0	21.0	98.0	34.0	44.0	32.0	50.0	4.0	13.0	27.0	11.0	22.0	16.0	49.0	25.0	50.0	53.0	15.0	90.0	100.0	72.0	61.0	70.0	6.0	7.0	9.0	34.0	1079029.0	973689.4599
sub-SAN_066	9.0	13.0	22.0	37.0	3.0	40.0	63.0	48.0	13.0	100.0	28.0	58.0	37.0	44.0	11.0	14.0	18.0	12.0	21.0	20.0	45.0	17.0	48.0	42.0	20.0	71.0	79.0	63.0	42.0	52.0	5.0	11.0	6.0	25.0	1039967.0	1070348.691192
sub-SAN_067	6.0	10.0	26.0	37.0	4.0	40.0	61.0	59.0	18.0	75.0	32.0	47.0	38.0	50.0	5.0	13.0	13.0	10.0	13.0	35.0	48.0	20.0	53.0	45.0	9.0	69.0	92.0	71.0	45.0	54.0	7.0	8.0	6.0	18.0	1022603.0	952731.443509
sub-SAN_069	6.0	13.0	24.0	29.0	4.0	44.0	66.0	41.0	16.0	73.0	29.0	44.0	47.0	40.0	7.0	11.0	16.0	8.0	11.0	17.0	45.0	17.0	43.0	50.0	13.0	77.0	77.0	65.0	28.0	40.0	5.0	11.0	4.0	30.0	1052089.0	899556.701957
sub-SAN_070	6.0	7.0	21.0	26.0	4.0	44.0	56.0	39.0	16.0	60.0	28.0	38.0	33.0	40.0	5.0	12.0	13.0	10.0	16.0	23.0	34.0	16.0	44.0	53.0	7.0	67.0	71.0	68.0	34.0	61.0	6.0	7.0	5.0	25.0	1007328.0	909085.81822
sub-SAN_071	6.0	10.0	26.0	27.0	3.0	38.0	67.0	45.0	14.0	81.0	26.0	46.0	29.0	40.0	4.0	13.0	17.0	10.0	13.0	24.0	44.0	18.0	47.0	48.0	15.0	70.0	77.0	75.0	35.0	46.0	5.0	7.0	5.0	37.0	984850.0	877787.757757
sub-SAN_073	7.0	9.0	27.0	27.0	4.0	43.0	51.0	51.0	15.0	78.0	33.0	42.0	29.0	42.0	4.0	13.0	11.0	8.0	12.0	23.0	45.0	16.0	49.0	46.0	18.0	76.0	78.0	70.0	39.0	52.0	4.0	6.0	4.0	28.0	892711.0	852164.694215
sub-SAN_074	8.0	13.0	23.0	33.0	6.0	46.0	58.0	52.0	18.0	116.0	41.0	64.0	39.0	42.0	6.0	12.0	27.0	10.0	19.0	46.0	59.0	22.0	53.0	52.0	16.0	99.0	83.0	87.0	56.0	63.0	6.0	9.0	7.0	27.0	1247721.0	1151613.250052
sub-SAN_075	6.0	16.0	34.0	30.0	5.0	51.0	85.0	63.0	18.0	105.0	41.0	44.0	33.0	46.0	4.0	16.0	21.0	13.0	10.0	23.0	45.0	23.0	62.0	63.0	15.0	80.0	91.0	77.0	43.0	78.0	5.0	12.0	8.0	27.0	1358490.0	1225358.188304
sub-SAN_076	7.0	10.0	23.0	24.0	5.0	44.0	54.0	54.0	15.0	89.0	31.0	49.0	37.0	37.0	5.0	10.0	14.0	8.0	11.0	23.0	43.0	15.0	39.0	38.0	15.0	76.0	70.0	70.0	28.0	50.0	5.0	9.0	4.0	18.0	953663.0	890361.866451
sub-SAN_077	8.0	8.0	28.0	26.0	4.0	45.0	65.0	42.0	19.0	92.0	36.0	60.0	29.0	41.0	4.0	13.0	21.0	8.0	19.0	27.0	41.0	24.0	57.0	45.0	13.0	94.0	91.0	66.0	44.0	65.0	5.0	8.0	6.0	27.0	1104770.0	1037025.940244
sub-SAN_078	11.0	10.0	27.0	24.0	4.0	45.0	59.0	49.0	13.0	73.0	34.0	37.0	38.0	40.0	5.0	14.0	21.0	15.0	18.0	23.0	48.0	19.0	53.0	45.0	11.0	72.0	95.0	63.0	33.0	53.0	4.0	7.0	4.0	31.0	980454.0	905300.47702
sub-SAN_079	8.0	19.0	32.0	28.0	5.0	48.0	62.0	59.0	22.0	98.0	38.0	49.0	43.0	46.0	6.0	15.0	21.0	10.0	19.0	16.0	56.0	25.0	58.0	53.0	20.0	94.0	104.0	72.0	44.0	49.0	7.0	10.0	8.0	23.0	1212131.0	1185113.767969
sub-SAN_080	7.0	10.0	23.0	21.0	5.0	36.0	55.0	36.0	9.0	94.0	35.0	45.0	27.0	37.0	9.0	9.0	13.0	9.0	9.0	17.0	42.0	15.0	45.0	39.0	14.0	70.0	69.0	55.0	30.0	42.0	5.0	7.0	4.0	20.0	1018699.0	910643.561692
sub-SAN_081	9.0	18.0	19.0	31.0	3.0	31.0	54.0	50.0	18.0	87.0	38.0	50.0	37.0	43.0	7.0	13.0	22.0	13.0	18.0	30.0	50.0	21.0	46.0	51.0	9.0	71.0	73.0	61.0	50.0	41.0	6.0	7.0	6.0	18.0	989420.0	902402.706521
sub-SAN_082	9.0	15.0	20.0	37.0	2.0	39.0	71.0	44.0	19.0	96.0	36.0	55.0	195.0	45.0	4.0	13.0	15.0	14.0	14.0	30.0	40.0	18.0	46.0	43.0	13.0	90.0	92.0	73.0	45.0	46.0	6.0	10.0	5.0	19.0	1105528.0	992230.569579
sub-SAN_083	7.0	8.0	20.0	23.0	3.0	37.0	44.0	37.0	11.0	69.0	32.0	45.0	41.0	33.0	4.0	9.0	15.0	12.0	21.0	21.0	35.0	13.0	34.0	42.0	10.0	79.0	76.0	61.0	29.0	38.0	6.0	6.0	6.0	14.0	853362.0	748037.616908
sub-SAN_084	8.0	21.0	23.0	35.0	4.0	41.0	62.0	50.0	20.0	102.0	38.0	64.0	43.0	42.0	6.0	20.0	26.0	13.0	16.0	41.0	47.0	17.0	61.0	46.0	22.0	83.0	86.0	71.0	35.0	49.0	4.0	8.0	7.0	24.0	1221353.0	1140963.063233
sub-SAN_085	7.0	10.0	22.0	26.0	3.0	48.0	57.0	46.0	18.0	74.0	35.0	54.0	34.0	41.0	3.0	11.0	17.0	11.0	19.0	34.0	34.0	17.0	46.0	55.0	12.0	80.0	80.0	82.0	44.0	68.0	5.0	7.0	3.0	26.0	1040639.0	984483.093523
sub-SAN_086	4.0	7.0	21.0	22.0	3.0	38.0	57.0	49.0	16.0	106.0	38.0	43.0	31.0	35.0	8.0	9.0	21.0	11.0	13.0	19.0	43.0	15.0	53.0	49.0	14.0	73.0	76.0	61.0	39.0	51.0	5.0	7.0	7.0	23.0	1045176.0	966113.31728
sub-SAN_087	8.0	11.0	17.0	31.0	5.0	44.0	60.0	39.0	20.0	90.0	36.0	63.0	37.0	47.0	7.0	10.0	20.0	13.0	15.0	30.0	43.0	13.0	52.0	48.0	12.0	85.0	76.0	71.0	39.0	44.0	6.0	8.0	4.0	21.0	1058268.0	973560.220185
sub-SAN_088	10.0	8.0	23.0	23.0	5.0	53.0	70.0	44.0	23.0	85.0	35.0	46.0	32.0	45.0	4.0	12.0	15.0	7.0	14.0	26.0	50.0	23.0	57.0	57.0	12.0	80.0	79.0	75.0	45.0	62.0	5.0	7.0	3.0	20.0	1122274.0	1065299.971399
sub-SAN_089	15.0	5.0	26.0	15.0	4.0	42.0	70.0	39.0	16.0	99.0	35.0	43.0	34.0	51.0	4.0	13.0	23.0	11.0	13.0	19.0	45.0	18.0	44.0	48.0	11.0	75.0	87.0	61.0	63.0	61.0	6.0	7.0	5.0	32.0	1097445.0	1012650.186745
sub-SAN_090	12.0	9.0	25.0	28.0	3.0	52.0	66.0	43.0	18.0	82.0	45.0	59.0	39.0	45.0	6.0	13.0	22.0	12.0	18.0	18.0	48.0	18.0	59.0	60.0	20.0	85.0	91.0	85.0	54.0	71.0	10.0	7.0	8.0	23.0	1164070.0	1067484.879366
sub-SAN_091	9.0	21.0	20.0	30.0	2.0	38.0	75.0	50.0	17.0	89.0	34.0	53.0	34.0	48.0	5.0	11.0	19.0	16.0	16.0	26.0	45.0	24.0	47.0	52.0	13.0	81.0	75.0	70.0	36.0	51.0	6.0	9.0	5.0	14.0	990041.0	934759.400989
sub-SAN_092	5.0	12.0	23.0	22.0	9.0	41.0	54.0	46.0	14.0	84.0	28.0	39.0	35.0	38.0	5.0	11.0	17.0	10.0	12.0	24.0	42.0	16.0	51.0	41.0	9.0	65.0	72.0	83.0	47.0	56.0	5.0	7.0	5.0	22.0	995584.0	929454.917881
sub-SAN_093	5.0	6.0	24.0	20.0	3.0	35.0	54.0	48.0	19.0	74.0	30.0	46.0	25.0	39.0	4.0	12.0	18.0	9.0	11.0	30.0	43.0	15.0	56.0	49.0	8.0	78.0	70.0	80.0	39.0	54.0	4.0	9.0	6.0	29.0	1054842.0	987077.525299
sub-SAN_094	5.0	14.0	18.0	22.0	3.0	34.0	40.0	40.0	10.0	80.0	32.0	47.0	28.0	34.0	3.0	8.0	18.0	10.0	14.0	22.0	40.0	15.0	31.0	33.0	10.0	68.0	57.0	53.0	30.0	33.0	6.0	7.0	5.0	22.0	903886.0	831252.945236
sub-SAN_095	8.0	9.0	18.0	31.0	4.0	48.0	57.0	36.0	17.0	83.0	33.0	49.0	33.0	39.0	5.0	19.0	15.0	12.0	14.0	29.0	47.0	18.0	48.0	34.0	5.0	71.0	67.0	68.0	39.0	54.0	6.0	7.0	6.0	22.0	917980.0	847299.583847
