lh.aparc.thickness	lh_bankssts_thickness	lh_caudalanteriorcingulate_thickness	lh_caudalmiddlefrontal_thickness	lh_cuneus_thickness	lh_entorhinal_thickness	lh_fusiform_thickness	lh_inferiorparietal_thickness	lh_inferiortemporal_thickness	lh_isthmuscingulate_thickness	lh_lateraloccipital_thickness	lh_lateralorbitofrontal_thickness	lh_lingual_thickness	lh_medialorbitofrontal_thickness	lh_middletemporal_thickness	lh_parahippocampal_thickness	lh_paracentral_thickness	lh_parsopercularis_thickness	lh_parsorbitalis_thickness	lh_parstriangularis_thickness	lh_pericalcarine_thickness	lh_postcentral_thickness	lh_posteriorcingulate_thickness	lh_precentral_thickness	lh_precuneus_thickness	lh_rostralanteriorcingulate_thickness	lh_rostralmiddlefrontal_thickness	lh_superiorfrontal_thickness	lh_superiorparietal_thickness	lh_superiortemporal_thickness	lh_supramarginal_thickness	lh_frontalpole_thickness	lh_temporalpole_thickness	lh_transversetemporal_thickness	lh_insula_thickness	lh_MeanThickness_thickness	BrainSegVolNotVent	eTIV
sub-SAN_001	2.464	2.788	2.347	1.631	3.761	2.574	2.193	2.166	2.408	1.966	2.362	2.089	2.159	2.098	2.908	2.477	2.403	2.197	2.197	1.313	1.895	2.332	2.42	2.36	2.784	2.059	2.459	2.01	2.476	2.16	2.189	3.137	2.44	3.282	2.25629	1090732.0	1010279.205684
sub-SAN_003	2.2	2.444	2.248	1.479	3.634	2.516	2.167	2.193	2.293	1.975	2.428	1.785	2.177	2.166	3.234	2.34	2.411	2.386	2.317	1.233	1.817	2.433	2.283	2.267	2.813	2.073	2.545	2.026	2.518	2.165	2.357	3.276	2.404	2.679	2.21309	1088990.0	992870.183594
sub-SAN_004	2.249	2.549	2.395	1.835	3.229	2.566	2.255	2.296	2.392	2.0	2.655	1.806	2.393	2.313	3.102	2.685	2.422	2.575	2.257	1.423	2.029	2.352	2.632	2.529	2.683	2.077	2.535	2.11	2.429	2.335	2.764	3.683	2.209	3.181	2.33027	1218335.0	1137338.68849
sub-SAN_005	2.561	3.05	2.617	1.962	3.234	2.808	2.515	2.6	2.486	2.292	2.793	2.04	2.407	2.574	3.04	2.601	2.548	2.768	2.604	1.434	2.036	2.658	2.726	2.633	2.817	2.421	2.922	2.26	2.686	2.419	2.973	3.936	2.453	2.869	2.52773	997606.0	1394186.182988
sub-SAN_006	2.347	2.519	2.429	1.681	3.339	2.657	2.327	2.338	2.336	1.944	2.302	1.833	2.149	2.47	3.13	2.383	2.436	2.554	2.23	1.041	1.995	2.471	2.627	2.393	2.405	2.206	2.667	2.072	2.626	2.22	2.617	3.943	2.281	3.035	2.31805	1074106.0	1001933.714542
sub-SAN_008	2.164	2.43	2.411	1.917	3.672	2.361	2.19	2.279	2.278	2.176	2.274	2.052	2.011	2.342	2.785	2.494	2.281	2.453	2.259	1.497	2.14	2.267	2.77	2.345	2.177	2.226	2.714	2.27	2.512	2.347	2.91	3.145	2.777	2.739	2.35213	1034954.0	922829.551176
sub-SAN_009	2.178	2.894	2.365	1.777	2.738	2.547	2.249	2.158	2.374	1.793	2.378	1.657	2.321	2.146	2.695	2.385	2.587	2.648	2.313	1.258	1.88	2.55	2.431	2.187	2.656	2.147	2.51	1.898	2.456	2.199	2.739	4.014	2.243	2.981	2.20946	957809.0	884022.354862
sub-SAN_015	2.321	2.65	2.371	1.418	3.331	2.608	2.38	2.364	2.323	1.846	2.578	1.712	2.208	2.409	3.368	2.435	2.31	2.398	2.394	1.217	1.918	2.684	2.367	2.115	2.265	2.118	2.54	2.096	2.497	2.395	2.444	3.82	2.057	2.759	2.27283	974506.0	899587.403564
sub-SAN_021	2.309	2.079	2.67	1.674	3.325	2.68	2.483	2.473	2.437	1.997	2.633	1.848	2.363	2.443	3.116	2.589	2.559	2.521	2.2	1.166	2.014	2.263	2.766	2.512	2.423	2.229	2.694	2.247	2.615	2.473	2.371	3.946	2.801	3.276	2.41929	1229370.0	1152110.127842
sub-SAN_022	2.595	2.586	2.473	1.844	3.446	2.898	2.471	2.745	2.435	2.186	2.508	2.15	2.21	2.744	2.783	2.582	2.383	2.694	2.398	1.588	2.039	2.662	2.706	2.417	2.843	2.176	2.76	2.183	2.746	2.439	2.632	3.993	2.489	3.298	2.49368	1069245.0	1449552.821989
sub-SAN_023	2.213	2.178	2.113	1.619	3.166	2.528	2.281	2.045	2.321	1.932	2.265	1.893	2.047	1.979	2.271	2.357	2.28	2.218	2.049	1.228	1.831	2.366	2.466	2.431	2.165	2.036	2.408	2.012	2.277	2.218	2.374	2.658	2.422	2.864	2.18202	1057188.0	974402.751316
sub-SAN_024	2.525	2.707	2.804	1.854	3.535	2.819	2.494	2.745	2.537	2.228	3.004	2.026	2.653	2.938	3.094	2.664	2.892	2.74	2.54	1.531	1.946	2.66	2.768	2.481	2.943	2.449	3.011	2.35	2.933	2.495	2.769	4.088	2.823	3.316	2.606	1112959.0	1297886.166557
sub-SAN_030	2.178	2.186	2.36	1.593	2.537	2.585	2.242	2.001	2.303	2.023	2.62	1.977	2.051	2.178	2.601	2.126	2.111	2.214	2.077	1.418	2.085	2.279	1.922	2.466	2.389	1.987	2.522	2.201	2.154	2.135	1.905	3.142	2.457	2.886	2.20892	1085936.0	983547.686108
sub-SAN_032	2.304	2.633	2.561	1.871	3.223	2.838	2.513	2.548	2.354	2.134	2.58	1.943	2.219	2.602	3.016	2.455	2.763	2.945	2.451	1.639	2.03	2.775	2.55	2.395	2.558	2.315	2.819	2.215	2.895	2.618	2.544	3.733	2.632	2.96	2.49315	1009734.0	1396155.803869
sub-SAN_034	2.403	2.279	2.221	1.605	3.046	2.609	2.305	2.205	2.349	1.977	2.355	1.862	2.2	2.218	2.93	2.411	2.274	2.302	2.266	1.337	1.99	2.354	2.378	2.407	2.653	2.032	2.575	2.111	2.555	2.38	2.074	3.351	2.322	2.855	2.27681	991697.0	874283.698998
sub-SAN_036	2.314	2.394	2.423	1.5	3.476	2.5	2.227	2.246	2.127	2.007	2.459	1.877	2.301	2.219	2.563	2.39	2.265	2.207	2.189	1.217	1.908	2.289	2.39	2.371	2.329	2.077	2.429	2.054	2.44	2.266	2.321	3.438	2.254	2.972	2.24326	976705.0	894966.740372
sub-SAN_038	2.071	2.463	2.21	1.616	2.709	2.557	2.09	2.223	2.271	1.947	2.337	1.96	2.127	2.131	2.941	2.669	2.318	2.261	2.203	1.307	1.848	2.299	2.552	2.475	2.442	1.947	2.572	2.083	2.53	2.226	2.343	3.315	2.478	3.048	2.26178	1170336.0	1110896.210119
sub-SAN_040	2.399	2.332	2.265	1.726	3.514	2.49	2.188	2.277	2.148	1.775	2.281	1.749	2.148	2.42	3.198	2.053	2.613	2.238	2.276	1.382	1.732	2.166	2.459	2.239	2.329	2.23	2.578	2.027	2.491	2.171	2.024	3.8	2.372	2.743	2.23469	1050661.0	939712.730654
sub-SAN_042	2.336	2.554	2.3	1.752	2.996	2.45	2.285	2.084	2.476	1.901	2.417	2.018	2.121	2.003	2.846	2.449	2.373	2.385	2.231	1.489	1.896	2.325	2.432	2.313	2.662	2.081	2.603	2.111	2.165	2.152	2.638	3.416	2.366	3.004	2.23831	1039688.0	1025428.140357
sub-SAN_043	2.214	2.156	2.39	1.572	2.64	2.262	2.27	2.178	2.529	2.034	2.342	1.762	2.238	2.117	2.819	2.44	2.297	2.324	2.202	1.16	1.962	2.406	2.605	2.503	2.441	2.187	2.599	2.117	2.265	2.391	2.352	3.306	2.213	2.747	2.26428	1235153.0	1192285.566108
sub-SAN_044	2.195	1.939	2.066	1.532	3.523	2.535	2.098	2.347	2.387	1.95	2.441	1.835	2.109	2.404	2.494	2.143	2.356	2.448	2.289	1.484	1.872	2.261	2.218	2.26	2.31	1.928	2.374	1.982	2.394	2.171	2.553	3.61	2.434	2.976	2.1938	880914.0	797175.768185
sub-SAN_046	2.122	2.256	2.185	1.407	3.449	2.55	2.231	2.432	2.515	1.843	2.347	1.659	2.103	2.314	2.446	2.483	2.289	2.246	2.272	1.123	1.952	2.28	2.641	2.204	2.339	1.862	2.241	2.039	2.519	2.166	2.013	3.446	2.138	2.805	2.19899	1256330.0	1121548.230544
sub-SAN_047	2.091	2.319	2.212	1.587	2.953	2.483	2.163	2.263	2.29	1.914	2.509	1.702	2.125	2.343	2.87	2.161	2.264	2.53	2.112	1.284	1.784	2.59	2.26	2.27	2.455	2.14	2.404	2.019	2.426	2.176	2.685	4.095	2.335	3.317	2.21571	908792.0	860093.897055
sub-SAN_050	2.174	2.44	2.334	1.664	3.022	2.448	2.136	2.076	2.527	1.797	2.315	1.687	2.206	2.261	2.781	2.211	2.329	2.281	2.137	1.227	1.837	2.58	2.386	2.309	2.192	2.019	2.55	1.971	2.548	2.145	2.31	3.209	2.531	3.112	2.19521	1147752.0	1098080.945136
sub-SAN_051	2.138	2.275	2.395	1.795	3.089	2.532	2.217	2.396	2.269	1.906	2.263	1.83	2.28	2.345	2.715	2.572	2.341	2.495	2.335	1.196	2.011	2.157	2.661	2.16	2.18	2.1	2.44	2.123	2.59	2.155	2.676	3.481	2.31	2.931	2.26713	1053365.0	1012245.671151
sub-SAN_052	2.129	2.033	2.46	1.607	3.452	2.496	2.191	2.326	1.979	1.984	2.416	1.739	2.125	2.406	3.026	2.278	2.339	2.228	2.175	1.178	1.871	2.187	2.531	2.325	2.341	2.141	2.505	2.003	2.528	2.225	2.471	3.496	1.92	2.936	2.24702	1259724.0	1243130.775214
sub-SAN_053	2.109	2.439	2.294	1.715	3.149	2.324	2.375	2.372	2.301	1.916	2.466	1.718	2.164	2.421	2.509	2.498	2.463	2.301	2.269	1.156	2.064	2.308	2.568	2.394	2.426	2.108	2.456	2.284	2.394	2.255	2.479	3.099	2.7	2.999	2.27953	1075817.0	968871.047474
sub-SAN_055	2.197	2.248	2.284	1.451	2.682	2.409	2.292	2.129	2.373	1.979	2.341	2.052	2.251	2.2	2.68	2.453	2.216	2.214	2.005	1.061	2.013	2.33	2.476	2.383	2.383	1.951	2.328	2.155	2.477	2.123	2.198	3.011	2.399	2.884	2.21736	1283700.0	1171485.705552
sub-SAN_058	1.803	2.099	2.175	1.593	2.976	2.369	2.119	2.304	2.325	1.86	2.422	1.701	2.116	2.299	2.215	2.447	2.083	2.353	2.103	1.336	1.772	2.246	2.331	2.214	2.314	1.982	2.451	1.95	2.257	2.028	2.183	3.026	2.058	2.809	2.14583	1132154.0	1051634.102171
sub-SAN_059	2.441	2.777	2.563	1.967	3.303	2.835	2.43	2.53	2.413	2.238	2.622	1.844	2.337	2.452	3.073	2.338	2.482	2.378	2.318	1.558	2.109	2.819	2.623	2.335	2.79	2.378	2.826	2.216	2.624	2.441	2.752	3.672	2.183	2.948	2.45251	1056902.0	1314873.407959
sub-SAN_060	2.009	1.98	2.307	1.697	3.033	2.554	2.126	2.399	2.062	1.883	2.291	1.686	2.048	2.134	2.519	2.405	2.389	2.134	2.199	1.375	1.844	2.065	2.457	2.191	2.311	1.982	2.405	1.973	2.364	2.118	2.311	3.55	2.012	2.795	2.16739	990322.0	931765.486946
sub-SAN_061	2.353	2.409	2.14	1.876	3.537	2.654	2.394	2.304	2.321	2.018	2.333	1.844	2.438	2.574	2.829	2.553	2.296	2.461	2.167	1.489	2.081	2.375	2.418	2.335	2.577	2.145	2.518	2.281	2.425	2.263	2.416	3.603	2.35	2.983	2.31992	1162167.0	1153366.166089
sub-SAN_065	2.099	2.131	2.431	1.416	2.238	2.658	2.307	2.307	2.134	1.932	2.374	1.703	1.962	2.246	2.578	2.237	2.541	2.276	2.11	1.3	1.892	2.187	2.436	2.309	1.875	2.089	2.467	2.211	2.364	2.162	2.26	3.559	2.191	2.86	2.23099	1079029.0	973689.4599
sub-SAN_066	2.234	2.145	2.479	1.67	3.783	2.505	2.354	2.487	2.219	1.875	2.605	1.932	2.273	2.515	2.662	2.606	2.597	2.537	2.242	1.26	1.969	2.338	2.668	2.395	2.367	2.139	2.618	2.172	2.738	2.29	2.49	3.654	2.28	3.16	2.35201	1039967.0	1070348.691192
sub-SAN_067	2.325	2.41	2.32	1.604	3.07	2.572	2.199	2.421	2.348	1.867	2.374	1.823	2.293	2.295	3.132	2.397	2.441	2.74	2.102	1.195	1.972	2.203	2.539	2.329	2.396	2.183	2.466	1.991	2.561	2.233	2.64	3.618	2.324	3.014	2.26445	1022603.0	952731.443509
sub-SAN_069	2.226	2.266	2.115	1.789	3.538	2.378	2.214	1.808	2.432	1.857	2.398	1.85	1.847	2.017	2.923	2.394	2.334	2.209	2.171	1.312	1.839	2.223	2.448	2.354	2.094	1.959	2.375	2.073	2.423	2.129	2.423	2.936	2.579	2.78	2.17358	1052089.0	899556.701957
sub-SAN_070	2.234	2.418	2.22	1.438	2.547	2.688	2.184	2.249	2.564	2.012	2.186	1.723	1.945	2.181	2.603	2.225	2.375	2.232	2.084	1.262	1.88	2.246	2.523	2.191	2.345	1.992	2.434	2.08	2.548	2.254	2.319	3.332	2.292	2.924	2.22395	1007328.0	909085.81822
sub-SAN_071	2.09	2.473	2.584	1.553	2.825	2.606	2.344	2.355	2.402	2.031	2.398	2.0	2.142	2.329	2.353	2.455	2.546	2.702	2.223	1.263	2.079	2.161	2.548	2.365	2.547	2.201	2.683	2.208	2.64	2.395	2.447	2.928	2.478	2.713	2.33504	984850.0	877787.757757
sub-SAN_073	2.227	2.424	2.152	1.727	3.371	2.591	2.216	2.408	2.395	1.923	2.453	1.903	2.187	2.436	3.173	2.298	2.513	2.633	2.327	1.384	1.787	2.483	2.272	2.094	2.883	2.032	2.378	1.963	2.325	2.174	2.416	3.357	2.136	2.966	2.22545	892711.0	852164.694215
sub-SAN_074	1.765	2.172	2.391	1.73	3.001	2.301	2.138	2.049	2.265	1.851	2.453	1.633	2.171	1.913	2.848	2.617	2.386	2.439	2.05	1.235	1.841	2.288	2.581	2.418	2.374	2.028	2.578	2.128	2.313	2.03	2.636	2.864	2.334	2.771	2.17647	1247721.0	1151613.250052
sub-SAN_075	2.178	2.534	2.266	1.849	2.099	2.334	2.181	1.928	2.432	1.957	2.484	1.82	1.956	2.009	2.577	2.531	2.243	2.528	2.269	1.707	1.991	2.452	2.484	2.547	2.055	2.056	2.438	2.185	2.438	2.111	2.618	2.911	2.223	2.961	2.23232	1358490.0	1225358.188304
sub-SAN_076	2.474	2.027	2.212	1.609	3.512	2.765	2.293	2.427	2.481	2.014	2.585	2.05	2.316	2.641	2.726	2.295	2.26	2.403	2.474	1.306	1.962	2.05	2.433	2.321	2.369	2.021	2.283	2.017	2.563	2.346	2.483	3.303	2.653	3.172	2.28903	953663.0	890361.866451
sub-SAN_077	2.144	1.956	2.43	1.808	3.051	2.643	2.206	2.422	2.372	1.929	2.368	1.838	2.187	2.374	2.485	2.657	2.369	2.379	2.349	1.273	1.84	2.233	2.369	2.288	2.238	2.141	2.556	2.048	2.582	2.181	2.635	3.15	2.173	2.862	2.25901	1104770.0	1037025.940244
sub-SAN_078	1.998	2.142	2.019	1.63	2.509	2.598	2.249	2.278	2.324	1.987	2.184	1.87	1.981	2.063	2.915	2.276	2.202	2.284	1.961	1.335	1.791	2.154	2.232	2.211	2.062	1.889	2.315	1.98	2.273	2.094	2.195	3.263	2.39	2.824	2.14441	980454.0	905300.47702
sub-SAN_079	2.339	2.488	2.444	1.673	2.863	2.563	2.326	2.18	2.501	1.985	2.531	2.103	2.277	2.415	2.867	2.375	2.405	2.421	2.218	1.205	1.981	2.348	2.474	2.463	2.578	2.104	2.492	2.134	2.603	2.318	2.509	3.442	2.32	3.229	2.32406	1212131.0	1185113.767969
sub-SAN_080	2.415	3.067	2.264	1.677	3.658	2.738	2.326	2.378	2.225	1.926	2.543	1.995	2.222	2.695	3.197	2.686	2.567	2.646	2.528	1.239	2.065	2.624	2.631	2.42	2.378	2.242	2.611	2.19	2.695	2.346	2.47	4.173	2.817	3.302	2.40315	1018699.0	910643.561692
sub-SAN_081	2.425	2.639	2.332	1.843	3.479	2.62	2.343	2.607	2.561	2.073	2.489	1.9	2.448	2.463	3.038	2.5	2.571	2.634	2.308	1.246	1.996	2.541	2.563	2.426	2.857	2.128	2.64	2.116	2.772	2.402	2.498	3.656	2.648	3.262	2.38193	989420.0	902402.706521
sub-SAN_082	2.257	2.769	2.356	1.784	3.313	2.776	2.322	2.441	2.661	2.026	2.592	1.845	2.395	2.491	2.857	2.398	2.551	2.588	2.559	1.221	1.939	2.474	2.505	2.455	2.934	2.256	2.646	2.163	2.562	2.332	2.489	3.522	2.653	3.199	2.36762	1105528.0	992230.569579
sub-SAN_083	2.009	2.512	2.304	1.504	3.781	2.373	2.282	2.217	2.591	2.032	2.221	1.692	2.137	2.023	3.126	2.793	2.36	2.231	2.171	1.389	1.897	2.468	2.341	2.439	2.58	1.987	2.534	2.158	2.518	2.198	2.191	3.038	2.061	3.112	2.24409	853362.0	748037.616908
sub-SAN_084	2.251	2.326	2.491	1.612	3.407	2.364	2.184	2.107	2.337	1.878	2.447	1.578	2.142	2.325	2.425	2.433	2.473	2.326	2.206	1.165	1.967	2.307	2.655	2.209	2.379	2.147	2.572	2.066	2.657	2.179	2.178	3.702	2.406	2.913	2.24511	1221353.0	1140963.063233
sub-SAN_085	2.071	2.33	2.362	1.449	3.201	2.481	2.257	2.153	2.32	1.89	2.377	1.763	2.076	2.316	2.514	2.308	2.459	2.488	2.195	1.05	1.921	2.318	2.429	2.317	2.732	2.155	2.503	1.981	2.258	2.075	2.223	3.117	2.138	2.792	2.20472	1040639.0	984483.093523
sub-SAN_086	1.976	2.566	2.403	1.632	3.15	2.57	2.45	2.382	2.357	2.09	2.534	1.906	2.182	2.25	3.04	2.245	2.414	2.577	2.215	1.19	1.893	2.518	2.444	2.413	2.074	2.171	2.449	2.22	2.445	2.185	2.619	3.25	2.355	2.839	2.29833	1045176.0	966113.31728
sub-SAN_087	2.116	2.176	2.403	1.986	2.658	2.46	2.182	2.221	2.289	2.002	2.229	2.257	2.021	2.136	3.342	2.38	2.368	2.134	2.084	1.552	1.87	2.433	2.413	2.334	2.231	2.045	2.618	2.137	2.353	2.251	2.239	3.138	2.43	2.936	2.25153	1058268.0	973560.220185
sub-SAN_088	2.168	2.383	2.166	1.782	2.908	2.324	2.159	2.028	2.002	1.995	2.345	1.723	2.205	2.238	2.719	2.597	2.268	2.346	2.36	1.204	2.0	2.35	2.39	2.463	2.436	2.027	2.535	2.172	2.515	1.972	2.524	2.872	2.54	2.927	2.2218	1122274.0	1065299.971399
sub-SAN_089	2.029	2.404	2.305	1.893	3.065	2.641	2.13	2.108	2.548	2.04	2.588	1.736	2.353	2.142	2.553	2.552	2.388	2.547	2.263	1.454	1.929	2.628	2.444	2.313	2.502	1.999	2.433	2.026	2.399	2.062	2.212	3.695	2.25	3.005	2.26015	1097445.0	1012650.186745
sub-SAN_090	2.091	2.469	2.358	1.385	2.564	2.507	2.211	2.067	2.215	1.911	2.52	1.931	2.322	2.182	2.279	2.544	2.455	2.362	2.211	1.235	1.876	2.446	2.525	2.318	2.623	2.123	2.673	2.157	2.442	2.145	2.48	3.717	1.988	3.105	2.27526	1164070.0	1067484.879366
sub-SAN_091	2.322	2.552	2.462	1.673	3.705	2.743	2.293	2.238	2.315	1.941	2.438	1.994	2.055	2.333	2.778	2.415	2.51	2.607	2.323	1.43	2.029	2.322	2.49	2.314	2.583	2.132	2.601	2.039	2.675	2.365	2.401	3.591	2.573	3.242	2.3155	990041.0	934759.400989
sub-SAN_092	1.978	2.56	2.223	1.561	3.423	2.372	2.075	2.321	2.25	1.701	2.607	1.561	2.13	2.203	2.83	2.338	2.321	2.301	2.215	1.183	1.781	2.295	2.549	1.877	2.525	2.046	2.398	1.846	2.429	2.026	2.327	3.714	2.073	3.004	2.14473	995584.0	929454.917881
sub-SAN_093	2.1	2.018	2.251	1.728	3.63	2.683	2.114	2.657	2.271	2.023	2.477	1.637	2.043	2.566	2.642	2.294	2.268	2.457	2.261	1.204	1.817	2.247	2.379	2.327	2.404	1.924	2.375	1.953	2.432	2.138	2.32	3.428	2.263	2.749	2.21544	1054842.0	987077.525299
sub-SAN_094	2.287	2.38	2.379	1.666	3.194	2.803	2.272	2.752	2.757	2.013	2.426	1.966	2.527	2.634	2.954	2.482	2.46	2.521	2.3	1.366	2.072	2.537	2.5	2.347	2.806	2.142	2.529	2.071	2.771	2.425	2.396	3.825	2.538	3.082	2.37982	903886.0	831252.945236
sub-SAN_095	2.153	2.508	2.407	1.516	3.248	2.493	2.26	2.149	2.431	1.876	2.298	1.733	2.224	2.477	2.574	2.239	2.484	2.36	2.26	1.358	2.002	2.283	2.552	2.338	2.294	2.06	2.716	1.995	2.387	2.204	2.293	3.538	2.031	3.003	2.2539	917980.0	847299.583847
