rh.aparc.foldind	rh_bankssts_foldind	rh_caudalanteriorcingulate_foldind	rh_caudalmiddlefrontal_foldind	rh_cuneus_foldind	rh_entorhinal_foldind	rh_fusiform_foldind	rh_inferiorparietal_foldind	rh_inferiortemporal_foldind	rh_isthmuscingulate_foldind	rh_lateraloccipital_foldind	rh_lateralorbitofrontal_foldind	rh_lingual_foldind	rh_medialorbitofrontal_foldind	rh_middletemporal_foldind	rh_parahippocampal_foldind	rh_paracentral_foldind	rh_parsopercularis_foldind	rh_parsorbitalis_foldind	rh_parstriangularis_foldind	rh_pericalcarine_foldind	rh_postcentral_foldind	rh_posteriorcingulate_foldind	rh_precentral_foldind	rh_precuneus_foldind	rh_rostralanteriorcingulate_foldind	rh_rostralmiddlefrontal_foldind	rh_superiorfrontal_foldind	rh_superiorparietal_foldind	rh_superiortemporal_foldind	rh_supramarginal_foldind	rh_frontalpole_foldind	rh_temporalpole_foldind	rh_transversetemporal_foldind	rh_insula_foldind	BrainSegVolNotVent	eTIV
sub-SAN_001	8.0	14.0	25.0	26.0	3.0	31.0	56.0	44.0	14.0	85.0	45.0	47.0	52.0	38.0	6.0	12.0	19.0	14.0	20.0	26.0	38.0	21.0	43.0	54.0	8.0	69.0	74.0	71.0	36.0	39.0	6.0	10.0	6.0	19.0	1096432.0	1584822.689354
sub-SAN_003	11.0	11.0	19.0	38.0	5.0	41.0	76.0	44.0	13.0	84.0	41.0	66.0	42.0	54.0	5.0	14.0	13.0	13.0	19.0	37.0	41.0	18.0	50.0	63.0	7.0	90.0	92.0	65.0	39.0	58.0	8.0	9.0	4.0	33.0	1088990.0	992870.183594
sub-SAN_004	5.0	9.0	27.0	33.0	4.0	43.0	76.0	40.0	22.0	101.0	42.0	60.0	36.0	45.0	5.0	13.0	14.0	14.0	20.0	29.0	41.0	19.0	54.0	57.0	6.0	74.0	80.0	71.0	44.0	56.0	9.0	11.0	5.0	22.0	1218335.0	1137338.68849
sub-SAN_005	9.0	12.0	23.0	22.0	3.0	38.0	88.0	48.0	19.0	81.0	40.0	43.0	47.0	62.0	8.0	14.0	18.0	11.0	22.0	15.0	38.0	20.0	38.0	42.0	11.0	91.0	72.0	75.0	44.0	51.0	8.0	8.0	4.0	26.0	997606.0	1394186.182988
sub-SAN_006	7.0	16.0	24.0	29.0	4.0	41.0	57.0	41.0	15.0	73.0	46.0	59.0	37.0	39.0	5.0	9.0	16.0	13.0	18.0	29.0	39.0	23.0	51.0	51.0	9.0	88.0	67.0	56.0	37.0	48.0	10.0	6.0	5.0	19.0	1074106.0	1001933.714542
sub-SAN_008	5.0	9.0	15.0	24.0	1.0	33.0	62.0	34.0	12.0	76.0	35.0	55.0	32.0	36.0	4.0	10.0	17.0	12.0	18.0	25.0	40.0	18.0	41.0	45.0	8.0	84.0	62.0	56.0	35.0	37.0	7.0	6.0	4.0	31.0	1034954.0	922829.551176
sub-SAN_009	6.0	7.0	27.0	32.0	4.0	48.0	61.0	49.0	12.0	99.0	38.0	54.0	34.0	41.0	9.0	21.0	19.0	10.0	23.0	42.0	45.0	14.0	52.0	44.0	8.0	86.0	102.0	57.0	45.0	35.0	6.0	8.0	5.0	23.0	957809.0	884022.354862
sub-SAN_015	7.0	11.0	18.0	34.0	4.0	31.0	61.0	32.0	15.0	79.0	34.0	42.0	30.0	41.0	6.0	11.0	18.0	11.0	16.0	24.0	38.0	16.0	38.0	44.0	10.0	73.0	67.0	56.0	38.0	41.0	7.0	7.0	3.0	19.0	974506.0	899587.403564
sub-SAN_021	3.0	16.0	20.0	29.0	5.0	46.0	67.0	45.0	16.0	76.0	40.0	44.0	37.0	47.0	5.0	14.0	19.0	13.0	23.0	25.0	41.0	19.0	49.0	54.0	11.0	94.0	90.0	71.0	37.0	46.0	6.0	11.0	6.0	20.0	1229370.0	1152110.127842
sub-SAN_022	9.0	15.0	27.0	28.0	4.0	45.0	69.0	48.0	12.0	66.0	45.0	44.0	47.0	45.0	6.0	18.0	16.0	11.0	15.0	27.0	37.0	23.0	43.0	54.0	12.0	89.0	88.0	74.0	37.0	57.0	7.0	6.0	5.0	20.0	1069245.0	1449552.821989
sub-SAN_023	9.0	10.0	17.0	30.0	6.0	37.0	65.0	39.0	10.0	76.0	36.0	58.0	28.0	40.0	5.0	14.0	12.0	11.0	15.0	36.0	41.0	15.0	44.0	57.0	10.0	71.0	77.0	67.0	33.0	38.0	5.0	7.0	3.0	38.0	1057188.0	974402.751316
sub-SAN_024	6.0	12.0	26.0	31.0	4.0	52.0	79.0	44.0	15.0	83.0	40.0	52.0	43.0	52.0	5.0	14.0	13.0	13.0	19.0	20.0	49.0	23.0	48.0	50.0	10.0	99.0	88.0	71.0	50.0	56.0	10.0	10.0	4.0	24.0	1112959.0	1297886.166557
sub-SAN_030	7.0	11.0	22.0	31.0	4.0	36.0	81.0	46.0	17.0	87.0	35.0	48.0	30.0	38.0	5.0	14.0	16.0	14.0	17.0	19.0	47.0	17.0	47.0	52.0	7.0	70.0	53.0	71.0	27.0	38.0	6.0	11.0	4.0	19.0	1085936.0	983547.686108
sub-SAN_032	5.0	10.0	19.0	30.0	4.0	54.0	83.0	60.0	13.0	88.0	42.0	46.0	59.0	46.0	5.0	19.0	16.0	19.0	22.0	30.0	65.0	20.0	55.0	69.0	10.0	103.0	110.0	95.0	44.0	51.0	9.0	12.0	6.0	28.0	1009734.0	1396155.803869
sub-SAN_034	7.0	12.0	19.0	27.0	4.0	34.0	80.0	40.0	16.0	68.0	33.0	56.0	26.0	42.0	5.0	11.0	17.0	11.0	19.0	26.0	45.0	21.0	41.0	48.0	9.0	70.0	63.0	71.0	32.0	43.0	8.0	11.0	5.0	22.0	991697.0	874283.698998
sub-SAN_036	6.0	9.0	18.0	24.0	5.0	31.0	74.0	40.0	12.0	65.0	31.0	52.0	32.0	37.0	6.0	16.0	12.0	13.0	16.0	26.0	34.0	28.0	50.0	46.0	10.0	76.0	80.0	61.0	32.0	36.0	9.0	8.0	3.0	23.0	976705.0	894966.740372
sub-SAN_038	5.0	10.0	33.0	35.0	5.0	42.0	65.0	42.0	14.0	103.0	34.0	43.0	30.0	46.0	5.0	15.0	15.0	13.0	23.0	21.0	34.0	22.0	53.0	46.0	6.0	94.0	90.0	60.0	41.0	41.0	6.0	8.0	6.0	29.0	1170336.0	1110896.210119
sub-SAN_040	6.0	16.0	16.0	35.0	3.0	36.0	65.0	52.0	18.0	93.0	55.0	54.0	34.0	40.0	6.0	15.0	15.0	14.0	24.0	32.0	44.0	21.0	38.0	45.0	11.0	81.0	77.0	61.0	39.0	36.0	6.0	8.0	4.0	21.0	1050661.0	939712.730654
sub-SAN_042	10.0	11.0	18.0	25.0	4.0	36.0	67.0	41.0	14.0	78.0	37.0	57.0	34.0	37.0	9.0	19.0	18.0	18.0	21.0	24.0	45.0	17.0	43.0	45.0	11.0	81.0	80.0	64.0	38.0	50.0	6.0	10.0	4.0	23.0	1039688.0	1025428.140357
sub-SAN_043	4.0	15.0	31.0	33.0	4.0	45.0	57.0	45.0	15.0	96.0	47.0	53.0	37.0	43.0	7.0	20.0	13.0	16.0	19.0	35.0	37.0	54.0	68.0	60.0	11.0	92.0	85.0	69.0	37.0	49.0	9.0	7.0	5.0	24.0	1235153.0	1192285.566108
sub-SAN_044	5.0	9.0	16.0	24.0	2.0	32.0	68.0	38.0	13.0	78.0	26.0	44.0	30.0	40.0	5.0	13.0	9.0	10.0	16.0	16.0	36.0	17.0	52.0	39.0	7.0	71.0	70.0	56.0	27.0	44.0	7.0	5.0	4.0	15.0	880914.0	797175.768185
sub-SAN_046	6.0	16.0	23.0	34.0	6.0	55.0	93.0	52.0	20.0	117.0	38.0	61.0	31.0	47.0	6.0	17.0	13.0	18.0	22.0	27.0	45.0	23.0	62.0	64.0	14.0	86.0	87.0	84.0	30.0	56.0	7.0	7.0	4.0	49.0	1256330.0	1121548.230544
sub-SAN_047	6.0	9.0	18.0	31.0	6.0	43.0	77.0	37.0	14.0	68.0	30.0	42.0	39.0	40.0	6.0	15.0	17.0	14.0	17.0	22.0	40.0	16.0	50.0	54.0	8.0	76.0	75.0	71.0	47.0	54.0	6.0	9.0	7.0	17.0	908792.0	860093.897055
sub-SAN_050	6.0	13.0	23.0	37.0	5.0	49.0	86.0	41.0	14.0	105.0	44.0	49.0	39.0	37.0	5.0	23.0	17.0	16.0	24.0	27.0	42.0	17.0	44.0	51.0	10.0	92.0	79.0	88.0	31.0	56.0	7.0	8.0	2.0	17.0	1147752.0	1098080.945136
sub-SAN_051	3.0	10.0	18.0	29.0	3.0	39.0	59.0	47.0	11.0	75.0	37.0	52.0	40.0	34.0	5.0	15.0	12.0	13.0	17.0	25.0	44.0	20.0	44.0	50.0	10.0	71.0	58.0	68.0	27.0	43.0	6.0	7.0	4.0	21.0	1053365.0	1012245.671151
sub-SAN_052	12.0	6.0	28.0	46.0	6.0	49.0	79.0	57.0	18.0	115.0	34.0	53.0	39.0	53.0	5.0	17.0	19.0	17.0	21.0	37.0	42.0	20.0	51.0	66.0	7.0	85.0	92.0	74.0	39.0	58.0	11.0	9.0	4.0	59.0	1259724.0	1243130.775214
sub-SAN_053	7.0	11.0	18.0	25.0	4.0	38.0	63.0	44.0	14.0	95.0	30.0	46.0	45.0	46.0	7.0	14.0	14.0	14.0	19.0	28.0	39.0	17.0	52.0	50.0	8.0	86.0	84.0	66.0	31.0	37.0	7.0	8.0	4.0	18.0	1075817.0	968871.047474
sub-SAN_055	6.0	8.0	21.0	31.0	6.0	43.0	78.0	61.0	17.0	88.0	41.0	56.0	34.0	63.0	6.0	18.0	15.0	13.0	24.0	37.0	50.0	20.0	53.0	52.0	9.0	101.0	86.0	73.0	33.0	54.0	6.0	9.0	3.0	27.0	1283700.0	1171485.705552
sub-SAN_058	7.0	14.0	27.0	25.0	2.0	39.0	78.0	54.0	17.0	108.0	37.0	50.0	40.0	50.0	6.0	18.0	16.0	17.0	28.0	23.0	43.0	22.0	57.0	54.0	13.0	98.0	93.0	73.0	41.0	47.0	9.0	7.0	5.0	21.0	1132154.0	1051634.102171
sub-SAN_059	11.0	14.0	24.0	33.0	3.0	45.0	81.0	42.0	15.0	63.0	45.0	43.0	35.0	43.0	4.0	22.0	16.0	12.0	17.0	24.0	45.0	20.0	46.0	55.0	7.0	74.0	75.0	74.0	29.0	44.0	8.0	8.0	3.0	24.0	1056902.0	1314873.407959
sub-SAN_060	8.0	14.0	21.0	29.0	4.0	38.0	55.0	43.0	23.0	76.0	37.0	40.0	40.0	39.0	5.0	14.0	16.0	11.0	18.0	27.0	44.0	17.0	37.0	45.0	11.0	80.0	73.0	56.0	40.0	50.0	7.0	8.0	5.0	21.0	990322.0	931765.486946
sub-SAN_061	6.0	21.0	20.0	36.0	3.0	37.0	62.0	46.0	18.0	95.0	36.0	58.0	32.0	43.0	7.0	19.0	20.0	12.0	24.0	32.0	42.0	23.0	48.0	58.0	13.0	70.0	85.0	73.0	29.0	47.0	8.0	8.0	5.0	17.0	1162167.0	1153366.166089
sub-SAN_065	7.0	18.0	28.0	28.0	4.0	46.0	84.0	53.0	21.0	79.0	35.0	55.0	39.0	55.0	6.0	15.0	16.0	17.0	19.0	30.0	44.0	23.0	52.0	46.0	15.0	87.0	77.0	75.0	43.0	60.0	9.0	7.0	9.0	24.0	1079029.0	973689.4599
sub-SAN_066	5.0	16.0	21.0	29.0	4.0	41.0	82.0	41.0	15.0	95.0	27.0	53.0	43.0	50.0	5.0	14.0	11.0	15.0	18.0	21.0	39.0	22.0	48.0	44.0	11.0	73.0	77.0	58.0	41.0	46.0	7.0	8.0	4.0	42.0	1039967.0	1070348.691192
sub-SAN_067	7.0	13.0	23.0	35.0	3.0	35.0	80.0	49.0	15.0	84.0	31.0	56.0	30.0	44.0	4.0	16.0	11.0	12.0	13.0	36.0	47.0	23.0	52.0	56.0	6.0	76.0	80.0	73.0	38.0	44.0	11.0	10.0	3.0	15.0	1022603.0	952731.443509
sub-SAN_069	6.0	13.0	24.0	26.0	3.0	46.0	66.0	39.0	16.0	71.0	30.0	46.0	39.0	47.0	6.0	16.0	12.0	9.0	11.0	21.0	39.0	19.0	51.0	42.0	6.0	84.0	69.0	60.0	27.0	47.0	5.0	9.0	2.0	24.0	1052089.0	899556.701957
sub-SAN_070	5.0	9.0	18.0	27.0	3.0	40.0	69.0	41.0	17.0	68.0	35.0	44.0	32.0	37.0	4.0	14.0	14.0	11.0	18.0	23.0	33.0	18.0	50.0	53.0	7.0	76.0	72.0	70.0	31.0	44.0	6.0	8.0	4.0	20.0	1007328.0	909085.81822
sub-SAN_071	5.0	7.0	22.0	26.0	4.0	30.0	75.0	39.0	14.0	77.0	36.0	51.0	30.0	42.0	4.0	15.0	13.0	14.0	20.0	34.0	36.0	18.0	45.0	43.0	3.0	88.0	73.0	73.0	36.0	41.0	5.0	9.0	3.0	17.0	984850.0	877787.757757
sub-SAN_073	6.0	10.0	19.0	32.0	3.0	39.0	65.0	42.0	18.0	80.0	37.0	58.0	46.0	42.0	5.0	13.0	12.0	13.0	14.0	30.0	47.0	16.0	48.0	41.0	6.0	81.0	78.0	72.0	38.0	42.0	9.0	7.0	6.0	15.0	892711.0	852164.694215
sub-SAN_074	6.0	19.0	21.0	40.0	7.0	54.0	81.0	50.0	18.0	108.0	67.0	65.0	38.0	42.0	6.0	16.0	18.0	16.0	20.0	40.0	41.0	18.0	53.0	67.0	10.0	101.0	77.0	87.0	47.0	64.0	8.0	9.0	8.0	19.0	1247721.0	1151613.250052
sub-SAN_075	6.0	11.0	26.0	37.0	7.0	44.0	85.0	62.0	21.0	96.0	39.0	59.0	40.0	55.0	5.0	18.0	17.0	17.0	23.0	27.0	52.0	21.0	59.0	70.0	13.0	83.0	86.0	86.0	39.0	57.0	7.0	10.0	4.0	26.0	1358490.0	1225358.188304
sub-SAN_076	4.0	11.0	22.0	27.0	4.0	39.0	64.0	51.0	15.0	72.0	34.0	53.0	34.0	40.0	4.0	13.0	11.0	11.0	12.0	31.0	41.0	15.0	44.0	41.0	7.0	72.0	80.0	66.0	25.0	39.0	10.0	7.0	2.0	24.0	953663.0	890361.866451
sub-SAN_077	9.0	10.0	21.0	25.0	3.0	43.0	70.0	42.0	14.0	90.0	38.0	73.0	39.0	44.0	5.0	17.0	17.0	15.0	31.0	35.0	42.0	19.0	52.0	53.0	5.0	90.0	98.0	66.0	42.0	65.0	8.0	9.0	4.0	27.0	1104770.0	1037025.940244
sub-SAN_078	7.0	10.0	19.0	27.0	2.0	38.0	71.0	46.0	11.0	79.0	38.0	39.0	34.0	44.0	9.0	19.0	13.0	11.0	18.0	18.0	37.0	16.0	47.0	44.0	7.0	91.0	85.0	65.0	43.0	45.0	7.0	7.0	4.0	20.0	980454.0	905300.47702
sub-SAN_079	8.0	18.0	29.0	35.0	6.0	48.0	78.0	57.0	20.0	85.0	49.0	43.0	46.0	58.0	6.0	15.0	21.0	14.0	25.0	24.0	39.0	24.0	61.0	58.0	11.0	85.0	102.0	75.0	50.0	55.0	8.0	8.0	6.0	21.0	1212131.0	1185113.767969
sub-SAN_080	3.0	11.0	25.0	30.0	3.0	42.0	61.0	34.0	8.0	89.0	35.0	49.0	26.0	37.0	9.0	10.0	14.0	12.0	10.0	25.0	37.0	13.0	48.0	45.0	5.0	63.0	72.0	62.0	28.0	38.0	8.0	6.0	3.0	18.0	1018699.0	910643.561692
sub-SAN_081	6.0	11.0	17.0	34.0	5.0	26.0	61.0	45.0	14.0	72.0	46.0	59.0	32.0	45.0	6.0	13.0	20.0	15.0	18.0	33.0	40.0	21.0	48.0	49.0	11.0	83.0	78.0	65.0	44.0	52.0	7.0	8.0	5.0	15.0	989420.0	902402.706521
sub-SAN_082	6.0	11.0	16.0	31.0	1.0	41.0	65.0	39.0	19.0	89.0	46.0	55.0	34.0	39.0	6.0	13.0	22.0	12.0	28.0	31.0	39.0	17.0	45.0	43.0	8.0	91.0	82.0	65.0	32.0	45.0	9.0	8.0	4.0	23.0	1105528.0	992230.569579
sub-SAN_083	4.0	12.0	21.0	24.0	1.0	34.0	53.0	41.0	11.0	76.0	23.0	44.0	35.0	39.0	3.0	14.0	15.0	12.0	19.0	21.0	38.0	17.0	43.0	44.0	8.0	77.0	69.0	52.0	32.0	39.0	8.0	7.0	5.0	17.0	853362.0	748037.616908
sub-SAN_084	3.0	14.0	18.0	35.0	3.0	39.0	72.0	49.0	13.0	94.0	42.0	72.0	37.0	44.0	5.0	23.0	15.0	15.0	18.0	35.0	47.0	20.0	60.0	52.0	6.0	100.0	86.0	75.0	38.0	49.0	7.0	9.0	6.0	27.0	1221353.0	1140963.063233
sub-SAN_085	8.0	13.0	18.0	27.0	2.0	28.0	61.0	47.0	17.0	65.0	32.0	62.0	36.0	50.0	4.0	15.0	17.0	13.0	35.0	32.0	41.0	18.0	42.0	47.0	7.0	116.0	84.0	60.0	39.0	42.0	7.0	8.0	3.0	28.0	1040639.0	984483.093523
sub-SAN_086	6.0	14.0	27.0	26.0	2.0	38.0	59.0	46.0	12.0	84.0	38.0	55.0	35.0	35.0	7.0	15.0	13.0	12.0	20.0	30.0	35.0	19.0	51.0	46.0	9.0	65.0	72.0	64.0	33.0	42.0	6.0	7.0	7.0	26.0	1045176.0	966113.31728
sub-SAN_087	6.0	12.0	17.0	31.0	4.0	37.0	73.0	60.0	18.0	84.0	37.0	71.0	32.0	48.0	6.0	11.0	16.0	17.0	21.0	33.0	37.0	14.0	52.0	53.0	6.0	91.0	77.0	67.0	29.0	49.0	8.0	7.0	3.0	19.0	1058268.0	973560.220185
sub-SAN_088	8.0	12.0	22.0	23.0	5.0	36.0	86.0	56.0	15.0	86.0	42.0	51.0	36.0	50.0	8.0	14.0	14.0	13.0	11.0	30.0	51.0	19.0	54.0	50.0	5.0	84.0	76.0	70.0	36.0	47.0	7.0	9.0	3.0	26.0	1122274.0	1065299.971399
sub-SAN_089	7.0	8.0	16.0	23.0	5.0	47.0	75.0	41.0	11.0	91.0	44.0	45.0	30.0	42.0	5.0	17.0	14.0	13.0	21.0	16.0	42.0	15.0	48.0	49.0	7.0	76.0	79.0	76.0	45.0	41.0	8.0	9.0	5.0	29.0	1097445.0	1012650.186745
sub-SAN_090	8.0	18.0	23.0	28.0	3.0	35.0	82.0	33.0	18.0	84.0	44.0	65.0	38.0	49.0	6.0	13.0	19.0	17.0	20.0	19.0	44.0	22.0	51.0	60.0	8.0	97.0	85.0	79.0	44.0	50.0	11.0	6.0	4.0	19.0	1164070.0	1067484.879366
sub-SAN_091	8.0	14.0	18.0	24.0	7.0	37.0	77.0	44.0	16.0	91.0	37.0	62.0	29.0	44.0	5.0	17.0	11.0	12.0	16.0	33.0	35.0	14.0	54.0	53.0	7.0	86.0	78.0	70.0	33.0	50.0	8.0	8.0	3.0	22.0	990041.0	934759.400989
sub-SAN_092	9.0	8.0	18.0	33.0	4.0	35.0	69.0	40.0	14.0	75.0	25.0	40.0	27.0	40.0	8.0	14.0	15.0	11.0	18.0	27.0	42.0	18.0	56.0	40.0	5.0	63.0	66.0	67.0	41.0	46.0	6.0	6.0	5.0	21.0	995584.0	929454.917881
sub-SAN_093	5.0	15.0	20.0	26.0	3.0	37.0	60.0	43.0	16.0	87.0	37.0	50.0	31.0	46.0	6.0	12.0	15.0	10.0	17.0	27.0	35.0	19.0	43.0	52.0	8.0	78.0	67.0	68.0	33.0	51.0	8.0	10.0	4.0	14.0	1054842.0	987077.525299
sub-SAN_094	6.0	10.0	21.0	23.0	3.0	31.0	54.0	30.0	9.0	81.0	34.0	52.0	27.0	34.0	4.0	12.0	10.0	10.0	17.0	24.0	28.0	17.0	33.0	36.0	7.0	61.0	61.0	52.0	26.0	30.0	6.0	6.0	9.0	20.0	903886.0	831252.945236
sub-SAN_095	6.0	9.0	19.0	31.0	4.0	48.0	59.0	50.0	14.0	80.0	34.0	50.0	27.0	47.0	5.0	16.0	15.0	10.0	15.0	32.0	35.0	24.0	50.0	37.0	5.0	72.0	69.0	56.0	34.0	38.0	8.0	9.0	4.0	30.0	917980.0	847299.583847
