rh.aparc.thickness	rh_bankssts_thickness	rh_caudalanteriorcingulate_thickness	rh_caudalmiddlefrontal_thickness	rh_cuneus_thickness	rh_entorhinal_thickness	rh_fusiform_thickness	rh_inferiorparietal_thickness	rh_inferiortemporal_thickness	rh_isthmuscingulate_thickness	rh_lateraloccipital_thickness	rh_lateralorbitofrontal_thickness	rh_lingual_thickness	rh_medialorbitofrontal_thickness	rh_middletemporal_thickness	rh_parahippocampal_thickness	rh_paracentral_thickness	rh_parsopercularis_thickness	rh_parsorbitalis_thickness	rh_parstriangularis_thickness	rh_pericalcarine_thickness	rh_postcentral_thickness	rh_posteriorcingulate_thickness	rh_precentral_thickness	rh_precuneus_thickness	rh_rostralanteriorcingulate_thickness	rh_rostralmiddlefrontal_thickness	rh_superiorfrontal_thickness	rh_superiorparietal_thickness	rh_superiortemporal_thickness	rh_supramarginal_thickness	rh_frontalpole_thickness	rh_temporalpole_thickness	rh_transversetemporal_thickness	rh_insula_thickness	rh_MeanThickness_thickness	BrainSegVolNotVent	eTIV
sub-SAN_001	2.251	2.628	2.249	1.889	3.494	2.622	2.291	2.592	2.707	2.181	2.27	2.057	2.076	2.324	2.947	2.366	2.443	2.246	2.156	1.382	1.981	2.572	2.411	2.3	2.331	1.988	2.454	2.075	2.563	2.28	1.884	3.375	2.551	3.147	2.29293	1090732.0	1010279.205684
sub-SAN_003	2.271	2.168	2.175	1.637	3.702	2.506	2.11	2.47	2.324	2.065	2.261	1.793	2.201	2.242	3.254	2.311	2.331	2.238	2.182	1.325	1.785	2.417	2.261	2.212	2.372	2.107	2.536	2.002	2.444	2.123	2.507	3.568	2.379	2.761	2.20391	1088990.0	992870.183594
sub-SAN_004	2.033	2.219	2.25	1.904	3.461	2.598	2.117	2.368	2.291	2.09	2.515	1.969	2.236	2.389	2.725	2.473	2.368	2.2	2.261	1.574	1.915	2.199	2.444	2.355	2.364	2.033	2.485	1.963	2.507	2.125	2.568	3.351	2.67	3.086	2.26161	1218335.0	1137338.68849
sub-SAN_005	2.533	2.272	2.69	1.954	3.375	2.696	2.528	2.638	2.461	2.21	2.586	2.16	2.334	2.621	3.05	2.799	2.511	2.553	2.334	1.806	2.014	2.644	2.667	2.587	2.831	2.408	3.062	2.34	2.574	2.481	2.877	3.605	2.686	2.843	2.51982	997606.0	1394186.182988
sub-SAN_006	2.461	2.718	2.394	1.659	3.479	2.654	2.248	2.52	2.282	1.937	2.265	1.77	2.179	2.599	2.887	2.511	2.333	2.42	2.136	1.246	1.879	2.447	2.545	2.231	2.706	2.06	2.618	2.064	2.735	2.268	2.318	3.961	2.462	2.958	2.29386	1074106.0	1001933.714542
sub-SAN_008	1.803	2.203	2.472	1.917	3.295	2.503	2.231	2.201	2.506	2.201	2.287	2.179	1.936	2.405	2.569	2.384	2.45	2.557	2.468	1.542	2.067	2.244	2.554	2.278	2.354	2.191	2.649	2.226	2.764	2.223	2.632	3.316	2.586	2.77	2.33525	1034954.0	922829.551176
sub-SAN_009	2.188	2.671	2.322	1.721	3.337	2.667	2.333	2.426	2.219	1.809	2.333	1.533	2.324	2.47	2.569	2.198	2.48	2.241	2.378	1.231	2.087	2.651	1.898	2.295	3.093	2.069	2.626	1.982	2.554	2.305	2.512	3.901	2.367	3.188	2.24639	957809.0	884022.354862
sub-SAN_015	2.137	2.515	2.431	1.515	3.204	2.597	2.205	2.363	2.353	2.025	2.414	1.79	2.296	2.429	2.88	2.434	2.221	2.481	2.214	1.148	1.834	2.488	2.319	2.255	2.85	2.024	2.531	2.089	2.573	2.35	2.271	3.648	2.53	2.963	2.26093	974506.0	899587.403564
sub-SAN_021	2.2	2.363	2.586	1.77	3.122	2.634	2.224	2.256	2.579	2.044	2.429	1.986	2.455	2.452	2.679	2.547	2.542	2.424	2.423	1.257	1.928	2.4	2.509	2.464	2.499	2.053	2.689	2.091	2.801	2.356	2.281	3.3	2.935	3.301	2.35496	1229370.0	1152110.127842
sub-SAN_022	2.702	2.538	2.508	1.839	3.269	2.847	2.529	2.796	2.522	2.307	2.425	2.054	2.292	2.832	2.823	2.632	2.579	2.833	2.474	1.445	2.021	2.679	2.588	2.469	2.447	2.228	2.821	2.155	2.912	2.613	2.559	3.862	2.497	3.263	2.50535	1069245.0	1449552.821989
sub-SAN_023	2.2	2.4	2.176	1.816	2.396	2.305	2.146	2.095	2.671	1.936	2.223	1.855	1.975	2.191	2.417	2.612	2.257	2.239	2.102	1.25	1.913	2.477	2.354	2.493	2.316	1.952	2.458	2.076	2.295	2.146	2.077	2.913	2.673	2.815	2.18228	1057188.0	974402.751316
sub-SAN_024	2.585	2.713	2.538	1.964	3.407	2.856	2.535	2.872	2.446	2.357	2.825	1.952	2.39	2.871	2.95	2.659	2.76	2.849	2.385	1.408	2.005	2.755	2.727	2.53	3.186	2.357	3.024	2.271	3.009	2.414	2.899	3.535	2.591	3.27	2.57835	1112959.0	1297886.166557
sub-SAN_030	2.235	2.474	2.038	1.776	2.5	2.446	2.13	2.007	2.396	1.928	2.428	2.005	2.103	2.296	2.78	2.421	2.018	2.324	1.905	1.41	1.746	2.308	2.133	2.356	2.723	1.951	2.38	2.006	2.405	2.167	2.024	3.077	2.285	2.889	2.15785	1085936.0	983547.686108
sub-SAN_032	2.467	2.68	2.637	1.543	3.529	2.765	2.606	2.806	2.569	2.108	2.694	1.9	2.446	2.765	2.77	2.487	2.691	2.675	2.549	1.389	2.087	2.597	2.524	2.42	2.636	2.428	2.939	2.246	2.974	2.619	3.092	3.476	2.422	3.194	2.53253	1009734.0	1396155.803869
sub-SAN_034	2.411	2.417	2.363	1.78	3.009	2.627	2.273	2.351	2.681	1.958	2.344	1.894	2.291	2.436	2.886	2.469	2.413	2.402	2.241	1.39	1.861	2.427	2.432	2.414	2.46	2.045	2.553	2.063	2.61	2.346	2.223	3.325	2.348	2.865	2.29068	991697.0	874283.698998
sub-SAN_036	2.202	2.214	2.21	1.747	3.49	2.632	2.227	2.285	2.157	2.012	2.39	1.949	2.217	2.105	2.734	2.308	2.439	2.138	2.181	1.224	1.806	2.37	2.385	2.43	2.423	1.985	2.477	1.976	2.502	2.252	2.174	3.622	2.404	3.015	2.23482	976705.0	894966.740372
sub-SAN_038	2.138	2.28	2.205	1.833	2.957	2.64	2.048	2.295	2.208	2.049	2.306	1.784	2.058	2.223	2.48	2.538	2.273	2.305	2.155	1.324	1.755	2.429	2.494	2.503	2.084	1.925	2.592	2.059	2.647	2.187	2.12	3.33	2.651	3.006	2.25315	1170336.0	1110896.210119
sub-SAN_040	2.216	2.128	2.291	1.63	3.932	2.434	2.09	2.301	2.052	1.859	2.299	1.989	2.034	2.396	2.801	2.237	2.555	2.231	2.229	1.439	1.714	2.321	2.493	2.281	2.153	2.086	2.604	1.958	2.461	2.092	2.192	3.794	2.38	2.739	2.20764	1050661.0	939712.730654
sub-SAN_042	2.306	2.235	2.392	1.668	3.434	2.584	2.148	2.362	2.469	1.932	2.371	1.885	2.347	2.311	2.66	2.486	2.335	2.156	2.151	1.364	1.958	2.331	2.521	2.378	2.759	2.124	2.66	2.055	2.464	2.267	2.278	3.393	2.282	3.094	2.28092	1039688.0	1025428.140357
sub-SAN_043	2.437	2.514	2.286	1.716	2.774	2.365	2.216	2.271	2.319	2.009	2.429	1.749	2.133	2.422	2.68	2.317	2.186	2.337	2.194	1.277	1.939	2.314	2.545	2.366	2.617	2.083	2.668	2.15	2.588	2.32	2.36	3.612	2.209	2.876	2.27697	1235153.0	1192285.566108
sub-SAN_044	2.106	2.501	2.137	1.691	3.367	2.662	2.199	2.381	2.409	2.036	2.39	1.867	2.296	2.318	2.393	2.341	2.207	2.284	2.214	1.325	1.771	2.459	2.214	2.347	2.781	1.992	2.398	1.989	2.578	2.103	2.556	3.881	2.254	2.994	2.2284	880914.0	797175.768185
sub-SAN_046	2.137	2.259	2.105	1.315	2.992	2.574	2.197	2.496	2.273	1.858	2.442	1.772	2.224	2.422	2.455	2.239	2.586	2.176	2.153	1.096	1.849	2.274	2.51	2.233	2.765	1.946	2.411	2.018	2.752	2.12	2.414	3.533	2.4	2.83	2.21806	1256330.0	1121548.230544
sub-SAN_047	2.192	2.413	1.988	1.652	3.026	2.536	2.158	2.362	2.218	1.939	2.409	1.773	2.284	2.33	2.665	2.271	2.246	2.3	1.99	1.262	1.875	2.455	2.194	2.179	2.67	2.082	2.378	1.876	2.523	2.187	2.411	3.737	2.041	3.207	2.18998	908792.0	860093.897055
sub-SAN_050	2.428	2.696	2.287	1.653	3.351	2.512	2.24	2.38	2.518	1.853	2.388	1.623	2.097	2.474	2.511	2.366	2.446	2.195	2.252	1.305	1.824	2.494	2.443	2.278	2.479	2.081	2.594	1.956	2.619	2.21	2.493	3.637	2.464	3.021	2.24322	1147752.0	1098080.945136
sub-SAN_051	2.191	2.535	2.386	1.622	3.658	2.627	2.146	2.345	2.17	1.934	2.365	1.71	2.283	2.522	2.751	2.52	2.396	2.546	2.155	0.994	1.979	2.355	2.573	2.186	2.371	2.099	2.474	2.054	2.718	2.277	2.529	3.775	2.252	2.977	2.26321	1053365.0	1012245.671151
sub-SAN_052	2.118	2.214	2.146	1.891	3.203	2.434	2.129	2.389	2.096	1.881	2.316	1.716	2.387	2.485	2.603	2.354	2.323	2.341	2.109	1.275	1.859	2.493	2.407	2.271	2.614	2.125	2.5	1.98	2.465	2.166	2.519	3.43	2.597	2.806	2.22178	1259724.0	1243130.775214
sub-SAN_053	2.267	2.287	2.193	1.823	3.593	2.521	2.354	2.347	2.189	1.947	2.473	1.793	2.204	2.529	2.754	2.366	2.538	2.358	2.186	1.14	1.941	2.422	2.5	2.426	2.569	2.098	2.501	2.293	2.465	2.306	2.336	3.488	2.691	2.996	2.29245	1075817.0	968871.047474
sub-SAN_055	2.103	2.206	2.239	1.642	3.285	2.559	2.235	2.257	2.21	2.114	2.304	1.754	2.11	2.357	2.398	2.423	2.172	2.308	2.134	1.105	1.961	2.408	2.304	2.409	2.566	1.996	2.322	2.116	2.514	2.083	2.325	3.296	2.589	2.96	2.2145	1283700.0	1171485.705552
sub-SAN_058	2.072	1.986	2.13	1.628	3.2	2.477	2.177	2.236	2.441	1.896	2.39	1.824	2.354	2.323	2.302	2.309	2.319	2.266	2.122	1.258	1.752	2.312	2.279	2.298	2.58	1.998	2.472	2.007	2.36	2.094	2.088	3.657	2.133	2.897	2.1768	1132154.0	1051634.102171
sub-SAN_059	2.766	2.515	2.56	1.925	3.047	2.66	2.469	2.777	2.565	2.171	2.481	1.968	2.412	2.908	2.647	2.438	2.421	2.596	2.395	1.738	2.026	2.593	2.564	2.367	2.824	2.292	2.822	2.232	2.709	2.497	2.447	3.452	2.294	3.109	2.46928	1056902.0	1314873.407959
sub-SAN_060	1.969	2.125	2.151	1.577	3.419	2.503	2.064	2.348	1.903	1.996	2.278	1.827	2.178	2.324	2.513	2.316	2.266	2.103	2.068	1.263	1.802	2.234	2.388	2.117	2.222	1.997	2.387	1.843	2.411	2.036	2.656	3.316	2.196	2.869	2.15049	990322.0	931765.486946
sub-SAN_061	2.593	2.556	2.303	1.901	3.294	2.614	2.214	2.411	2.154	2.127	2.377	1.905	2.174	2.701	2.617	2.433	2.257	2.436	2.182	1.382	2.005	2.139	2.423	2.453	3.124	2.125	2.479	2.214	2.537	2.326	2.337	3.56	2.27	2.798	2.30626	1162167.0	1153366.166089
sub-SAN_065	2.173	2.12	2.283	1.621	2.876	2.607	2.314	2.339	2.188	1.979	2.303	1.719	1.933	2.433	2.531	2.479	2.239	2.286	2.135	1.121	1.9	2.216	2.344	2.277	2.024	1.949	2.561	2.107	2.607	2.307	2.129	2.972	1.945	2.912	2.23188	1079029.0	973689.4599
sub-SAN_066	2.052	2.217	2.581	1.743	2.412	2.534	2.205	2.4	2.291	2.024	2.369	1.833	2.141	2.506	2.406	2.573	2.613	2.349	2.223	1.353	2.052	2.249	2.565	2.409	2.372	1.96	2.596	2.103	2.537	2.272	2.417	3.899	2.491	2.771	2.29952	1039967.0	1070348.691192
sub-SAN_067	2.287	2.564	2.159	1.921	3.132	2.662	2.176	2.281	2.447	1.898	2.428	1.728	2.42	2.379	2.646	2.503	2.316	2.208	2.27	1.301	1.974	2.401	2.397	2.219	2.599	2.114	2.5	1.943	2.685	2.244	2.501	3.891	2.464	3.09	2.24994	1022603.0	952731.443509
sub-SAN_069	2.188	2.183	2.158	1.61	3.251	2.56	2.275	2.177	2.199	1.924	2.367	1.924	2.034	2.135	2.824	2.348	2.337	2.287	2.2	1.251	1.926	2.395	2.368	2.353	2.327	1.945	2.482	2.103	2.524	2.234	2.212	3.685	2.622	3.043	2.23115	1052089.0	899556.701957
sub-SAN_070	2.33	2.458	2.283	1.542	3.17	2.819	2.259	2.374	2.34	2.02	2.22	1.874	1.892	2.379	2.575	2.391	2.432	2.165	2.282	1.262	2.007	2.326	2.397	2.283	2.406	1.975	2.563	2.077	2.627	2.242	2.194	3.024	2.344	2.902	2.26593	1007328.0	909085.81822
sub-SAN_071	2.269	2.482	2.413	1.767	3.265	2.666	2.31	2.686	2.393	2.106	2.278	1.771	2.225	2.574	2.245	2.651	2.313	2.169	2.174	1.182	1.905	2.429	2.396	2.496	2.494	2.091	2.695	2.082	2.718	2.335	2.664	3.569	2.795	3.181	2.3268	984850.0	877787.757757
sub-SAN_073	2.388	2.33	2.35	1.725	3.383	2.655	2.225	2.44	2.278	1.865	2.682	2.006	2.121	2.353	2.882	2.23	2.467	2.544	2.145	1.468	1.749	2.398	2.396	2.093	2.979	2.053	2.473	1.919	2.396	2.063	2.237	3.618	2.342	3.096	2.23149	892711.0	852164.694215
sub-SAN_074	2.26	2.316	2.466	1.755	3.428	2.419	2.213	2.236	2.284	1.975	2.254	1.595	2.346	2.148	2.699	2.471	2.336	2.163	2.136	1.133	1.811	2.321	2.447	2.339	2.53	2.003	2.589	2.081	2.325	2.207	2.813	2.834	2.239	2.715	2.19981	1247721.0	1151613.250052
sub-SAN_075	2.387	2.383	2.237	1.582	2.539	2.479	2.311	2.195	2.431	2.046	2.386	1.961	1.969	2.334	2.816	2.35	2.326	2.769	2.288	1.32	2.185	2.614	2.437	2.494	2.156	2.24	2.703	2.17	2.852	2.313	2.251	3.573	2.43	3.09	2.3277	1358490.0	1225358.188304
sub-SAN_076	2.379	2.044	2.121	1.599	3.582	2.693	2.22	2.488	2.557	2.027	2.537	1.86	2.361	2.552	2.429	2.436	2.188	2.269	2.255	1.353	1.898	2.387	2.375	2.289	2.53	1.991	2.365	1.924	2.654	2.149	2.307	3.384	2.634	3.002	2.25111	953663.0	890361.866451
sub-SAN_077	2.369	2.056	2.289	1.709	3.388	2.585	2.164	2.508	2.253	2.032	2.334	1.712	2.426	2.474	2.631	2.247	2.382	2.394	2.177	1.227	1.888	2.074	2.445	2.358	2.504	2.1	2.663	1.942	2.732	2.215	2.802	3.02	2.205	2.87	2.26621	1104770.0	1037025.940244
sub-SAN_078	2.157	2.342	2.001	1.545	3.754	2.597	2.229	2.248	2.17	1.999	2.254	1.786	2.164	2.101	2.755	2.207	2.348	2.198	2.19	1.223	1.743	2.376	2.235	2.373	2.296	1.956	2.424	1.98	2.473	2.143	2.097	3.437	2.271	2.924	2.18345	980454.0	905300.47702
sub-SAN_079	2.172	2.414	2.257	1.775	3.485	2.661	2.21	2.377	2.152	2.097	2.307	1.912	2.388	2.42	2.827	2.406	2.359	2.364	2.325	1.261	1.918	2.283	2.401	2.415	2.78	2.152	2.476	2.072	2.656	2.264	2.542	3.412	2.426	3.186	2.30665	1212131.0	1185113.767969
sub-SAN_080	2.34	2.746	2.394	1.671	3.387	2.686	2.438	2.344	2.694	2.099	2.52	1.771	2.375	2.514	2.694	2.742	2.694	2.685	2.585	1.066	1.991	2.664	2.413	2.377	2.507	2.132	2.623	2.179	2.683	2.309	2.443	3.771	2.524	3.306	2.36895	1018699.0	910643.561692
sub-SAN_081	2.512	2.313	2.143	1.828	3.641	2.74	2.39	2.611	2.714	2.124	2.5	1.986	2.21	2.582	2.986	2.647	2.437	2.465	2.363	1.542	1.986	2.319	2.458	2.539	2.662	2.037	2.522	2.104	2.749	2.316	2.389	3.969	2.146	3.352	2.36981	989420.0	902402.706521
sub-SAN_082	2.29	2.301	2.453	1.776	3.52	2.661	2.302	2.359	2.634	2.02	2.498	1.84	2.172	2.516	2.931	2.352	2.582	2.324	2.326	1.343	1.812	2.41	2.41	2.416	2.94	2.182	2.671	2.013	2.819	2.281	2.432	3.229	2.832	3.135	2.32438	1105528.0	992230.569579
sub-SAN_083	2.255	2.362	2.005	1.605	3.519	2.451	2.291	2.215	2.685	2.011	2.307	1.828	1.942	2.099	2.386	2.246	2.105	2.032	1.945	1.25	1.884	2.626	2.385	2.409	2.404	2.054	2.403	2.312	2.477	2.282	2.083	3.073	2.537	2.883	2.2152	853362.0	748037.616908
sub-SAN_084	2.027	2.179	2.483	1.558	3.63	2.166	2.251	2.239	2.236	1.892	2.433	1.725	2.137	2.269	2.568	2.225	2.316	2.312	2.105	1.13	2.008	2.369	2.75	2.254	2.245	2.04	2.576	2.035	2.285	2.265	2.278	3.303	2.468	2.771	2.21858	1221353.0	1140963.063233
sub-SAN_085	2.309	2.378	2.293	1.723	3.319	2.611	2.198	2.54	2.417	1.992	2.383	1.951	2.118	2.312	2.655	2.058	2.523	2.159	2.005	1.135	2.049	2.371	1.803	2.371	2.721	2.038	2.573	1.994	2.615	2.212	2.203	3.259	2.627	2.872	2.23367	1040639.0	984483.093523
sub-SAN_086	2.157	2.334	2.297	1.572	3.512	2.665	2.299	2.343	2.339	2.201	2.346	1.844	2.039	2.436	3.033	2.361	2.356	2.31	2.21	1.191	1.815	2.56	2.426	2.385	2.4	2.052	2.426	2.11	2.623	2.27	2.463	3.301	2.616	2.751	2.26621	1045176.0	966113.31728
sub-SAN_087	2.038	2.265	2.236	1.801	2.777	2.514	2.134	2.275	2.544	2.07	2.319	2.188	2.335	2.204	2.864	2.387	2.459	2.494	2.037	1.342	1.884	2.51	2.328	2.34	2.758	2.083	2.645	2.218	2.429	2.234	2.458	3.211	2.643	2.817	2.2649	1058268.0	973560.220185
sub-SAN_088	2.265	2.604	2.208	1.674	3.611	2.379	2.187	2.241	2.045	1.889	2.355	1.81	2.402	2.3	2.775	2.548	2.31	2.186	2.188	1.184	1.913	2.451	2.364	2.44	2.298	2.061	2.552	2.14	2.636	2.253	2.422	3.149	3.017	2.774	2.24175	1122274.0	1065299.971399
sub-SAN_089	2.145	2.462	2.191	1.538	3.085	2.624	2.106	2.35	2.334	2.114	2.514	2.071	2.299	2.483	2.644	2.363	2.645	2.294	2.43	1.126	1.936	2.572	2.419	2.318	2.793	2.039	2.673	1.944	2.607	2.241	2.332	3.341	2.491	3.057	2.31159	1097445.0	1012650.186745
sub-SAN_090	2.4	2.563	2.347	1.411	3.055	2.773	2.17	2.29	2.233	2.056	2.306	2.04	2.395	2.547	2.595	2.526	2.473	2.378	2.341	1.063	2.025	2.537	2.573	2.352	2.946	2.175	2.736	2.07	2.648	2.373	2.051	3.78	2.679	3.326	2.35036	1164070.0	1067484.879366
sub-SAN_091	2.386	2.309	2.291	1.887	3.068	2.772	2.185	2.337	2.309	2.04	2.293	2.045	2.189	2.434	2.816	2.434	2.324	2.51	2.221	1.404	1.991	2.215	2.407	2.286	2.985	2.056	2.571	2.011	2.784	2.33	2.413	3.423	2.476	3.081	2.29686	990041.0	934759.400989
sub-SAN_092	2.122	2.582	2.206	1.541	3.3	2.327	2.088	2.405	2.271	1.867	2.608	1.575	2.356	2.379	2.68	2.217	2.583	2.342	2.222	1.117	1.857	2.4	2.52	1.96	2.683	1.957	2.498	1.912	2.478	2.181	2.453	3.269	2.385	2.93	2.18979	995584.0	929454.917881
sub-SAN_093	2.465	2.437	2.245	1.529	3.81	2.729	2.236	2.683	2.407	1.83	2.388	1.663	2.191	2.597	2.637	2.336	2.315	2.323	2.178	0.988	1.817	2.387	2.445	2.396	2.714	1.982	2.372	2.053	2.577	2.154	2.161	3.624	2.595	2.866	2.23693	1054842.0	987077.525299
sub-SAN_094	2.483	2.643	2.176	1.738	3.582	2.928	2.235	2.52	2.819	2.039	2.474	2.046	2.281	2.653	2.884	2.5	2.466	2.657	2.229	1.413	1.948	2.223	2.381	2.387	3.13	2.018	2.426	2.143	2.7	2.291	2.27	3.914	2.615	3.001	2.34067	903886.0	831252.945236
sub-SAN_095	2.152	2.208	2.362	1.577	3.918	2.538	2.227	2.302	2.405	1.952	2.405	1.643	2.295	2.497	2.352	2.51	2.335	2.385	2.197	1.174	1.843	2.24	2.514	2.285	2.63	2.077	2.596	1.878	2.431	2.285	2.469	3.387	2.394	2.85	2.23609	917980.0	847299.583847
